0,534
0,533
24,36
24,35
30,13
30,12
30,11
30,10
30,9
30,8
30,7
30,6
30,5
84,3
84,2
0,532
84,1
84,0
83,3
83,2
83,1
83,0
82,3
82,2
82,1
82,0
81,5
81,4
0,531
81,3
81,2
81,1
81,0
80,3
80,2
80,1
80,0
0,530
79,4
0,529
79,3
79,2
79,1
79,0
78,3
78,2
78,1
78,0
77,6
77,5
77,4
77,3
77,2
77,1
77,0
76,5
76,4
76,3
76,2
76,1
76,0
75,4
75,3
75,2
75,1
75,0
74,3
74,2
74,1
74,0
73,6
73,5
73,4
73,3
73,2
73,1
73,0
0,528
14,5
14,4
0,527
72,5
72,4
72,3
72,2
72,1
72,0
71,4
0,526
0,525
0,524
71,3
71,2
71,1
71,0
0,523
70,3
70,2
0,522
70,1
70,0
0,521
0,520
0,519
69,4
69,3
69,2
0,518
69,1
69,0
0,517
68,3
68,2
0,516
68,1
68,0
67,3
67,2
67,1
67,0
0,515
66,5
66,4
66,3
66,2
66,1
66,0
65,3
65,2
65,1
65,0
64,4
64,3
64,2
64,1
64,0
63,3
63,2
63,1
63,0
62,3
62,2
62,1
62,0
61,5
61,4
61,3
61,2
61,1
61,0
60,4
0,514
0,513
0,512
0,511
60,3
60,2
0,510
60,1
60,0
0,509
59,3
59,2
0,508
59,1
59,0
58,5
0,507
58,4
0,506
0,505
0,504
0,503
58,3
58,2
0,502
58,1
58,0
0,501
0,500
57,3
57,2
0,499
57,1
57,0
0,498
0,497
0,496
0,495
0,494
0,493
56,5
56,4
56,3
